? 0.11614583333333334 0.8935185185185185 0.09583333333333334 0.06759259259259259
? 0.29270833333333335 0.637962962962963 0.06979166666666667 0.049074074074074076
? 0.9739583333333334 0.3453703703703704 0.0421875 0.02962962962962963
? 0.8609375 0.4842592592592593 0.1125 0.0787037037037037
? 0.7203125 0.1685185185185185 0.0921875 0.06481481481481481
? 0.9427083333333334 0.8629629629629629 0.10104166666666667 0.0712962962962963
? 0.14270833333333333 0.30277777777777776 0.08125 0.05740740740740741
? 0.1015625 0.1398148148148148 0.09322916666666667 0.06574074074074074
? 0.78125 0.9120370370370371 0.0484375 0.03425925925925926
? 0.19895833333333332 0.03148148148148148 0.06145833333333333 0.04259259259259259
? 0.3140625 0.9194444444444444 0.06145833333333333 0.04351851851851852
? 0.14635416666666667 0.55 0.0390625 0.027777777777777776
? 0.22395833333333334 0.6148148148148148 0.03333333333333333 0.023148148148148147
? 0.034895833333333334 0.7092592592592593 0.034375 0.024074074074074074
? 0.5213541666666667 0.041666666666666664 0.06197916666666667 0.04351851851851852
? 0.8447916666666667 0.337037037037037 0.06145833333333333 0.04259259259259259
? 0.8125 0.24722222222222223 0.051041666666666666 0.03518518518518519
? 0.4640625 0.8629629629629629 0.0453125 0.03148148148148148
? 0.49583333333333335 0.9185185185185185 0.0453125 0.03148148148148148
? 0.8239583333333333 0.6083333333333333 0.07552083333333333 0.05277777777777778
? 0.6296875 0.8851851851851852 0.0921875 0.06481481481481481
? 0.6354166666666666 0.3055555555555556 0.06927083333333334 0.04814814814814815
? 0.6635416666666667 0.6981481481481482 0.09583333333333334 0.06759259259259259
? 0.7109375 0.6342592592592593 0.046875 0.032407407407407406
? 0.25416666666666665 0.8592592592592593 0.0984375 0.06944444444444445
? 0.7583333333333333 0.6425925925925926 0.0390625 0.026851851851851852
? 0.5458333333333333 0.4462962962962963 0.09322916666666667 0.06574074074074074
? 0.17604166666666668 0.9546296296296296 0.04010416666666667 0.027777777777777776
? 0.17083333333333334 0.5861111111111111 0.06302083333333333 0.044444444444444446
? 0.0796875 0.5972222222222222 0.035416666666666666 0.025
? 0.07083333333333333 0.7638888888888888 0.096875 0.06759259259259259
? 0.14375 0.20277777777777778 0.0859375 0.06018518518518518
? 0.017708333333333333 0.26481481481481484 0.034375 0.024074074074074074
? 0.484375 0.26666666666666666 0.10520833333333333 0.07407407407407407
? 0.3921875 0.19537037037037036 0.09322916666666667 0.06574074074074074
? 0.43645833333333334 0.737037037037037 0.09270833333333334 0.06481481481481481
? 0.43697916666666664 0.04259259259259259 0.042708333333333334 0.02962962962962963
? 0.3765625 0.4583333333333333 0.0390625 0.027777777777777776
? 0.290625 0.7537037037037037 0.046875 0.032407407407407406
? 0.6182291666666667 0.9518518518518518 0.03125 0.022222222222222223
